0.3000, -1.2000, 0.9734, 0.7784, 0.6278, 0.6736, 0.7391
0.3000, -1.1000, 0.9691, 0.8283, 0.5603, 0.7551, 0.6556
0.3000, -1.0000, 0.9764, 0.8351, 0.5501, 0.7647, 0.6444
0.3000, -0.9000, 0.9749, 0.7853, 0.6191, 0.7139, 0.7002
0.3000, -0.8000, 0.9795, 0.8111, 0.5850, 0.7512, 0.6601
0.3000, -0.7000, 0.9775, 0.7938, 0.6081, 0.7334, 0.6798
0.3000, -0.6000, 0.9821, 0.7580, 0.6523, 0.6904, 0.7234
0.3000, -0.5000, 0.9772, 0.7781, 0.6281, 0.7208, 0.6932
0.3000, -0.4000, 0.9786, 0.7853, 0.6191, 0.7378, 0.6750
0.3000, -0.3000, 0.9792, 0.7708, 0.6371, 0.7251, 0.6887
0.3000, -0.2000, 0.9767, 0.7705, 0.6374, 0.7204, 0.6936
0.4000, -1.2000, 0.9523, 0.8216, 0.5701, 0.7179, 0.6961
0.4000, -1.1000, 0.9750, 0.7669, 0.6418, 0.6674, 0.7447
0.4000, -1.0000, 0.9722, 0.8041, 0.5945, 0.7025, 0.7116
0.4000, -0.9000, 0.9664, 0.8230, 0.5681, 0.7509, 0.6604
0.4000, -0.8000, 0.9760, 0.7907, 0.6123, 0.7121, 0.7021
0.4000, -0.7000, 0.9789, 0.7388, 0.6740, 0.6254, 0.7803
0.4000, -0.6000, 0.9736, 0.7860, 0.6182, 0.7154, 0.6987
0.4000, -0.5000, 0.9807, 0.7787, 0.6274, 0.7186, 0.6954
0.4000, -0.4000, 0.9754, 0.7951, 0.6065, 0.7251, 0.6887
0.4000, -0.3000, 0.9778, 0.7618, 0.6478, 0.7162, 0.6979
0.4000, -0.2000, 0.9815, 0.7443, 0.6679, 0.6861, 0.7275
0.5000, -1.2000, 0.9480, 0.9696, 0.2448, 0.8920, 0.4521
0.5000, -1.1000, 0.9566, 0.7220, 0.6919, 0.6088, 0.7933
0.5000, -1.0000, 0.9583, 0.8503, 0.5263, 0.7571, 0.6533
0.5000, -0.9000, 0.9635, 0.8590, 0.5120, 0.7916, 0.6110
0.5000, -0.8000, 0.9660, 0.7946, 0.6071, 0.7178, 0.6962
0.5000, -0.7000, 0.9746, 0.7653, 0.6436, 0.6750, 0.7378
0.5000, -0.6000, 0.9694, 0.8093, 0.5874, 0.7535, 0.6575
0.5000, -0.5000, 0.9774, 0.7885, 0.6150, 0.7229, 0.6910
0.5000, -0.4000, 0.9758, 0.7756, 0.6312, 0.7244, 0.6894
0.5000, -0.3000, 0.9740, 0.7507, 0.6606, 0.7031, 0.7111
0.5000, -0.2000, 0.9803, 0.7538, 0.6571, 0.7046, 0.7096
0.6000, -1.2000, 0.9436, 0.5219, 0.8530, 0.2976, 0.9547
0.6000, -1.1000, 0.9447, 0.7077, 0.7065, 0.6024, 0.7982
0.6000, -1.0000, 0.9524, 0.5394, 0.8421, 0.2942, 0.9557
0.6000, -0.9000, 0.9584, 0.7806, 0.6251, 0.7028, 0.7114
0.6000, -0.8000, 0.9483, 0.8855, 0.4646, 0.8616, 0.5077
0.6000, -0.7000, 0.9648, 0.7414, 0.6710, 0.6607, 0.7507
0.6000, -0.6000, 0.9667, 0.7750, 0.6319, 0.7324, 0.6808
0.6000, -0.5000, 0.9723, 0.7296, 0.6839, 0.6681, 0.7440
0.6000, -0.4000, 0.9707, 0.7489, 0.6627, 0.6895, 0.7243
0.6000, -0.3000, 0.9716, 0.7969, 0.6041, 0.7825, 0.6226
0.6000, -0.2000, 0.9772, 0.7470, 0.6648, 0.6990, 0.7151
0.7000, -1.2000, 0.9288, 0.3617, 0.9323, -0.0526, 0.9986
0.7000, -1.1000, 0.9360, 0.5593, 0.8289, 0.3342, 0.9425
0.7000, -1.0000, 0.9475, 0.7154, 0.6987, 0.6007, 0.7995
0.7000, -0.9000, 0.9528, 0.5523, 0.8336, 0.3126, 0.9499
0.7000, -0.8000, 0.9639, 0.6230, 0.7822, 0.4370, 0.8995
0.7000, -0.7000, 0.9477, 0.9560, 0.2932, 0.9664, 0.2571
0.7000, -0.6000, 0.9608, 0.7626, 0.6468, 0.7143, 0.6999
0.7000, -0.5000, 0.9531, 0.7316, 0.6817, 0.6727, 0.7399
0.7000, -0.4000, 0.9584, 0.7823, 0.6229, 0.7805, 0.6252
0.7000, -0.3000, 0.9715, 0.6510, 0.7591, 0.5434, 0.8395
0.7000, -0.2000, 0.9729, 0.7505, 0.6608, 0.7401, 0.6725
0.8000, -1.2000, 0.9287, 0.4242, 0.9056, 0.0538, 0.9986
0.8000, -1.1000, 0.9360, 0.2573, 0.9663, -0.1477, 0.9890
0.8000, -1.0000, 0.9562, 0.3714, 0.9285, -0.0079, 1.0000
0.8000, -0.9000, 0.9393, 0.2079, 0.9782, -0.2023, 0.9793
0.8000, -0.8000, 0.9599, 0.5684, 0.8227, 0.3949, 0.9187
0.8000, -0.7000, 0.9518, 0.1998, 0.9798, -0.2016, 0.9795
0.8000, -0.6000, 0.9472, 0.7940, 0.6079, 0.8179, 0.5753
0.8000, -0.5000, 0.9566, 0.6784, 0.7347, 0.6324, 0.7746
0.8000, -0.4000, 0.9557, 0.7235, 0.6903, 0.7228, 0.6911
0.8000, -0.3000, 0.9622, 0.8384, 0.5451, 0.9177, 0.3972
0.8000, -0.2000, 0.9588, 0.8112, 0.5847, 0.9008, 0.4343
0.9000, -1.2000, 0.9334, 0.3886, 0.9214, 0.0060, 1.0000
0.9000, -1.1000, 0.9273, 0.2544, 0.9671, -0.1660, 0.9861
0.9000, -1.0000, 0.9590, 0.3032, 0.9529, -0.0370, 0.9993
0.9000, -0.9000, 0.9607, 0.3060, 0.9520, -0.0281, 0.9996
0.9000, -0.8000, 0.9345, 0.3909, 0.9204, 0.0796, 0.9968
0.9000, -0.7000, 0.9522, 0.4963, 0.8682, 0.2421, 0.9702
0.9000, -0.6000, 0.9479, 0.5997, 0.8002, 0.4834, 0.8754
0.9000, -0.5000, 0.9588, 0.5409, 0.8411, 0.3963, 0.9181
0.9000, -0.4000, 0.9373, 0.6806, 0.7327, 0.7014, 0.7127
0.9000, -0.3000, 0.9672, 0.7924, 0.6100, 0.9267, 0.3759
0.9000, -0.2000, 0.9662, 0.6383, 0.7698, 0.5982, 0.8013
1.0000, -1.2000, 0.9619, 0.3972, 0.9177, 0.1067, 0.9943
1.0000, -1.1000, 0.9636, 0.3140, 0.9494, -0.0099, 1.0000
1.0000, -1.0000, 0.9405, 0.3172, 0.9484, -0.1046, 0.9945
1.0000, -0.9000, 0.9577, 0.1739, 0.9848, -0.2280, 0.9737
1.0000, -0.8000, 0.9438, 0.2268, 0.9739, -0.1100, 0.9939
1.0000, -0.7000, 0.9483, 0.4186, 0.9082, 0.0815, 0.9967
1.0000, -0.6000, 0.9480, 0.5352, 0.8447, 0.3941, 0.9190
1.0000, -0.5000, 0.9521, 0.5729, 0.8196, 0.4631, 0.8863
1.0000, -0.4000, 0.9533, 0.5937, 0.8047, 0.5529, 0.8332
1.0000, -0.3000, 0.9524, -0.2958, 0.9552, -0.4608, 0.8875
1.0000, -0.2000, 0.9536, 0.4928, 0.8701, 0.3227, 0.9465
1.1000, -1.2000, 0.9506, 0.3742, 0.9274, 0.0316, 0.9995
1.1000, -1.1000, 0.9626, 0.2541, 0.9672, -0.1440, 0.9896
1.1000, -1.0000, 0.9383, 0.1855, 0.9826, -0.1716, 0.9852
1.1000, -0.9000, 0.9420, 0.3682, 0.9297, 0.0355, 0.9994
1.1000, -0.8000, 0.9542, 0.2646, 0.9644, -0.1181, 0.9930
1.1000, -0.7000, 0.9519, 0.4157, 0.9095, 0.1791, 0.9838
1.1000, -0.6000, 0.9407, 0.2527, 0.9675, -0.1211, 0.9926
1.1000, -0.5000, 0.9510, 0.1291, 0.9916, -0.2383, 0.9712
1.1000, -0.4000, 0.9477, 0.5683, 0.8228, 0.5428, 0.8399
1.1000, -0.3000, 0.9306, 0.7079, 0.7063, 0.9695, 0.2451
1.1000, -0.2000, 0.9471, 0.6126, 0.7904, 0.7809, 0.6246
1.2000, -1.2000, 0.9494, 0.3378, 0.9412, 0.0232, 0.9997
1.2000, -1.1000, 0.9468, 0.3964, 0.9181, 0.0748, 0.9972
1.2000, -1.0000, 0.9398, 0.3180, 0.9481, -0.0263, 0.9997
1.2000, -0.9000, 0.9427, 0.2402, 0.9707, -0.2342, 0.9722
1.2000, -0.8000, 0.9483, 0.1746, 0.9846, -0.2478, 0.9688
1.2000, -0.7000, 0.9481, 0.2662, 0.9639, -0.0760, 0.9971
1.2000, -0.6000, 0.9469, 0.3061, 0.9520, -0.0405, 0.9992
1.2000, -0.5000, 0.9600, 0.4240, 0.9057, 0.1993, 0.9799
1.2000, -0.4000, 0.9231, 0.3654, 0.9308, 0.0067, 1.0000
1.2000, -0.3000, 0.9535, 0.1487, 0.9889, -0.2091, 0.9779
1.2000, -0.2000, 0.9548, 0.2817, 0.9595, -0.0339, 0.9994
1.3000, -1.2000, 0.9388, 0.3381, 0.9411, -0.0065, 1.0000
1.3000, -1.1000, 0.9468, 0.2791, 0.9603, -0.2195, 0.9756
1.3000, -1.0000, 0.9560, 0.3480, 0.9375, -0.1261, 0.9920
1.3000, -0.9000, 0.9530, 0.3269, 0.9451, -0.1042, 0.9946
1.3000, -0.8000, 0.9453, 0.3869, 0.9221, 0.2035, 0.9791
1.3000, -0.7000, 0.9548, 0.3234, 0.9463, 0.0246, 0.9997
1.3000, -0.6000, 0.9439, 0.3119, 0.9501, 0.0114, 0.9999
1.3000, -0.5000, 0.9509, 0.2936, 0.9559, -0.1632, 0.9866
1.3000, -0.4000, 0.9736, 0.0755, 0.9971, -0.2705, 0.9627
1.3000, -0.3000, 0.9349, 0.4600, 0.8879, 0.4673, 0.8841
1.3000, -0.2000, 0.9504, 0.3202, 0.9474, -0.0824, 0.9966
