1.000000 0.570166 0.570191 0.572973
2.000000 0.568298 0.568086 0.569345
3.000000 0.566745 0.566643 0.565705
4.000000 0.563470 0.563848 0.562055
5.000000 0.562428 0.562392 0.558395
6.000000 0.560468 0.560493 0.554729
7.000000 0.558719 0.558977 0.551057
8.000000 0.557741 0.557709 0.547381
9.000000 0.555720 0.555492 0.543703
10.000000 0.554376 0.554454 0.540024
11.000000 0.553155 0.552472 0.536346
12.000000 0.550133 0.549711 0.532670
13.000000 0.547494 0.548279 0.528999
14.000000 0.545814 0.545956 0.525334
15.000000 0.542400 0.542579 0.521677
16.000000 0.540128 0.540338 0.518028
17.000000 0.536437 0.537105 0.514391
18.000000 0.533603 0.533496 0.510766
19.000000 0.529597 0.530059 0.507155
20.000000 0.527322 0.527033 0.503560
21.000000 0.522129 0.522296 0.499982
22.000000 0.519103 0.519271 0.496424
23.000000 0.513987 0.513655 0.492886
24.000000 0.508770 0.509234 0.489370
25.000000 0.504810 0.504977 0.485877
26.000000 0.499964 0.500705 0.482410
27.000000 0.496598 0.495723 0.478969
28.000000 0.491560 0.491496 0.475556
29.000000 0.486796 0.486054 0.472173
30.000000 0.480524 0.480870 0.468821
31.000000 0.476867 0.476450 0.465474
32.000000 0.471665 0.471443 0.462110
33.000000 0.467223 0.466844 0.458731
34.000000 0.461763 0.461274 0.455340
35.000000 0.457147 0.456368 0.451940
36.000000 0.451110 0.451633 0.448535
37.000000 0.446400 0.446109 0.445126
38.000000 0.442186 0.441431 0.441719
39.000000 0.436878 0.436606 0.438316
40.000000 0.432099 0.430531 0.434920
