0.500000 21.665960 21.870940 6.016251
2.522727 21.659870 21.621881 14.059382
4.545455 21.452574 21.594374 13.300925
6.568182 21.161657 21.123706 14.907381
8.590909 20.915772 20.940341 20.475154
10.613636 20.654408 20.643109 17.526729
12.636364 20.472593 20.301051 19.643368
14.659091 20.329955 20.349077 19.666186
16.681818 20.198417 20.208000 23.882306
18.704545 20.180346 20.288739 20.337093
20.727273 20.268913 20.358301 21.105521
22.750000 20.398900 20.302646 21.181699
24.772727 20.670924 20.629194 22.360795
26.795455 20.665994 20.867746 22.027559
28.818182 21.275812 21.111787 23.100916
30.840909 21.306256 21.401275 26.144180
32.863636 22.021641 21.917415 24.742922
34.886364 21.960727 22.021655 23.879368
36.909091 22.745480 22.703616 27.463682
38.931818 22.707474 22.928999 27.554751
40.954545 23.348900 23.393829 27.803030
42.977273 24.097208 24.356755 26.566226
45.000000 24.818360 24.787017 32.140636
47.022727 26.114177 25.709589 28.683285
49.045455 26.027257 26.404828 31.141730
51.068182 27.619661 27.666599 32.404636
53.090909 29.396997 29.208943 32.097953
55.113636 30.764718 30.823628 33.800204
57.136364 32.509611 32.665987 36.746361
59.159091 33.758653 33.837411 41.490187
61.181818 36.654936 36.509328 42.960171
63.204545 38.930848 39.020197 50.254227
65.227273 41.902102 42.179710 49.682612
67.250000 44.587886 44.862492 53.651773
69.272727 48.295886 47.714730 52.311220
71.295455 50.841930 50.753332 57.884131
73.318182 53.236441 52.855959 64.497155
75.340909 54.894230 54.609574 64.213161
77.363636 54.660860 55.980354 67.076185
79.386364 57.066688 56.129089 71.247377
81.409091 56.783375 56.244795 77.686270
83.431818 57.863581 55.741712 80.457275
85.454545 55.098336 54.516037 82.496624
87.477273 53.365163 53.797882 85.513976
89.500000 51.408239 52.552391 89.016799
