0.500000 0.586934 0.586446 0.568304
2.522727 0.581121 0.581064 0.561226
4.545455 0.578253 0.577852 0.554102
6.568182 0.573843 0.573922 0.546944
8.590909 0.569591 0.569176 0.539766
10.613636 0.565010 0.564767 0.532580
12.636364 0.559155 0.558837 0.525401
14.659091 0.552709 0.551885 0.518240
16.681818 0.544284 0.543920 0.511112
18.704545 0.535399 0.534886 0.504030
20.727273 0.525753 0.525290 0.497005
22.750000 0.515328 0.514661 0.490053
24.772727 0.504529 0.504396 0.483184
26.795455 0.494120 0.493804 0.476411
28.818182 0.482293 0.481721 0.469723
30.840909 0.470852 0.471214 0.462980
32.863636 0.458691 0.459348 0.456173
34.886364 0.448723 0.447604 0.449327
36.909091 0.435412 0.435549 0.442469
38.931818 0.424568 0.423989 0.435625
40.954545 0.411154 0.411906 0.428824
42.977273 0.400796 0.400439 0.422093
45.000000 0.387920 0.387915 0.415464
47.022727 0.377007 0.376781 0.408966
49.045455 0.365451 0.364800 0.403206
51.068182 0.353425 0.353085 0.397094
53.090909 0.340417 0.341683 0.391201
55.113636 0.329211 0.330906 0.385556
57.136364 0.319498 0.319719 0.380185
59.159091 0.307434 0.309344 0.375113
61.181818 0.298611 0.299039 0.370363
63.204545 0.289680 0.289931 0.365954
65.227273 0.280396 0.279974 0.361901
67.250000 0.272678 0.272787 0.358219
69.272727 0.265955 0.265667 0.354916
71.295455 0.258657 0.258992 0.351998
73.318182 0.251745 0.252579 0.349467
75.340909 0.250997 0.249803 0.347322
77.363636 0.245912 0.245688 0.345558
79.386364 0.244478 0.245021 0.344168
81.409091 0.242244 0.242645 0.343142
83.431818 0.241730 0.241174 0.342467
85.454545 0.242498 0.242966 0.342128
87.477273 0.243975 0.243370 0.342110
89.500000 0.244109 0.243411 0.342393
