0.500000 0.616188 0.611983 0.628101
2.522727 0.608501 0.606584 0.619118
4.545455 0.602109 0.597805 0.609908
6.568182 0.591385 0.588548 0.600485
8.590909 0.580368 0.583349 0.590861
10.613636 0.577210 0.575700 0.581049
12.636364 0.571647 0.571424 0.571064
14.659091 0.560130 0.560716 0.560918
16.681818 0.550530 0.553804 0.550625
18.704545 0.547097 0.541307 0.540201
20.727273 0.519994 0.525067 0.529660
22.750000 0.516294 0.517382 0.519016
24.772727 0.504196 0.500215 0.508284
26.795455 0.487634 0.488292 0.497272
28.818182 0.477135 0.475588 0.486207
30.840909 0.449594 0.454201 0.474430
32.863636 0.440397 0.439422 0.462279
34.886364 0.413182 0.423993 0.449779
36.909091 0.412642 0.410583 0.436955
38.931818 0.396359 0.398313 0.423833
40.954545 0.391381 0.378337 0.411157
42.977273 0.367476 0.365542 0.397601
45.000000 0.360639 0.354792 0.383851
47.022727 0.342443 0.333021 0.369947
49.045455 0.305444 0.312347 0.355937
51.068182 0.310013 0.297692 0.342929
53.090909 0.292076 0.279026 0.328950
55.113636 0.258422 0.251399 0.315057
57.136364 0.242204 0.235800 0.301339
59.159091 0.216897 0.224194 0.289225
61.181818 0.208371 0.200880 0.276244
63.204545 0.171725 0.180745 0.263794
65.227273 0.164335 0.166119 0.253512
67.250000 0.157979 0.146876 0.242594
69.272727 0.140415 0.133526 0.232615
71.295455 0.121402 0.121616 0.225266
73.318182 0.120167 0.111440 0.217457
75.340909 0.098283 0.102321 0.210800
77.363636 0.095289 0.098512 0.206876
79.386364 0.100753 0.092195 0.202511
81.409091 0.098044 0.094222 0.200757
83.431818 0.093823 0.093472 0.198537
85.454545 0.099597 0.098919 0.197346
87.477273 0.109166 0.106385 0.198393
89.500000 0.107164 0.109205 0.198995
