1.000000 29.088561 29.098265 10.001101
2.000000 29.439161 29.612722 13.650504
3.000000 29.734891 29.767533 16.279484
4.000000 30.594469 30.423834 18.389330
5.000000 30.420589 30.542221 20.172915
6.000000 30.651848 30.705490 21.728528
7.000000 30.800585 30.685455 23.114198
8.000000 30.488694 30.651490 24.367500
9.000000 30.754549 30.964892 25.514374
10.000000 30.709565 30.738980 26.573590
11.000000 30.388579 30.746352 27.559229
12.000000 30.842086 30.991381 28.482160
13.000000 30.969439 30.684088 29.350968
14.000000 30.623877 30.665053 30.172565
15.000000 31.208934 31.082749 30.952603
16.000000 30.830193 30.653827 31.695770
17.000000 31.034841 30.845557 32.405995
18.000000 30.969891 31.038175 33.086604
19.000000 31.310937 30.974768 33.740437
20.000000 30.955429 30.916576 34.369935
21.000000 31.647258 31.461853 34.977205
22.000000 31.263262 31.241437 35.564083
23.000000 31.876883 32.059715 36.132165
24.000000 32.735779 32.456828 36.682848
25.000000 32.961277 32.756510 37.217357
26.000000 32.894286 32.703407 37.736766
27.000000 33.019785 33.279856 38.242016
28.000000 33.225145 33.219368 38.733931
29.000000 33.510742 33.816375 39.213233
30.000000 34.650582 34.472034 39.680549
31.000000 34.340928 34.537185 40.147728
32.000000 34.814992 34.917831 40.626363
33.000000 35.423021 35.520859 41.116642
34.000000 35.681570 35.836755 41.618754
35.000000 35.929302 36.227180 42.132891
36.000000 36.695843 36.514783 42.659243
37.000000 36.779803 36.760983 43.197998
38.000000 36.901502 37.340045 43.749341
39.000000 37.885707 38.081965 44.313446
40.000000 37.531911 38.385770 44.890479
