1.000000 29.846502 29.780009 10.001101
2.000000 30.837333 30.657912 13.650504
3.000000 31.303418 31.289386 16.279484
4.000000 31.558258 31.675970 18.389330
5.000000 32.184038 32.095610 20.172915
6.000000 31.458360 31.511424 21.728528
7.000000 31.978182 31.902576 23.114198
8.000000 31.936914 31.720258 24.367500
9.000000 31.756862 31.890738 25.514374
10.000000 31.702676 32.074666 26.573590
11.000000 32.022473 32.037522 27.559229
12.000000 31.925942 31.879669 28.482160
13.000000 32.004264 32.259567 29.350968
14.000000 31.790125 31.724481 30.172565
15.000000 31.986180 31.940793 30.952603
16.000000 32.029636 31.873470 31.695770
17.000000 32.205068 31.812265 32.405995
18.000000 31.710682 32.103605 33.086604
19.000000 32.014273 32.002719 33.740437
20.000000 32.309368 32.476552 34.369935
21.000000 32.688963 32.582727 34.977205
22.000000 32.606380 32.836522 35.564083
23.000000 33.164388 33.095534 36.132165
24.000000 33.436812 33.626664 36.682848
25.000000 33.647012 33.718947 37.217357
26.000000 34.311032 34.265932 37.736766
27.000000 34.557833 34.309433 38.242016
28.000000 34.173889 34.515423 38.733931
29.000000 34.991681 35.000906 39.213233
30.000000 35.207785 35.381205 39.680549
31.000000 35.634692 35.541311 40.147728
32.000000 36.242359 36.279923 40.626363
33.000000 36.483809 36.673413 41.116642
34.000000 36.808087 37.106104 41.618754
35.000000 37.578921 37.599111 42.132891
36.000000 37.950426 37.958276 42.659243
37.000000 37.881981 38.253428 43.197998
38.000000 38.636513 38.669345 43.749341
39.000000 39.493833 39.276384 44.313446
40.000000 40.071025 39.827222 44.890479
