1.000000 38.918684 38.795649 14.603194
2.000000 39.551582 39.744178 20.120426
3.000000 40.797397 40.802904 24.156127
4.000000 41.510565 41.519021 27.429202
5.000000 42.364341 42.319172 30.217140
6.000000 42.105162 42.182368 32.661747
7.000000 42.787822 42.558420 34.846941
8.000000 42.128228 42.392699 36.827183
9.000000 42.628513 42.649524 38.640136
10.000000 43.155218 42.768170 40.313101
11.000000 42.789138 42.815595 41.866585
12.000000 42.837919 42.738394 43.316437
13.000000 42.704719 42.997307 44.675192
14.000000 43.081161 43.060250 45.952951
15.000000 43.666043 43.220232 47.157985
16.000000 43.367933 43.377620 48.297162
17.000000 43.827833 43.832839 49.376244
18.000000 44.203134 44.059251 50.400123
19.000000 44.236662 44.307065 51.372979
20.000000 44.827808 44.588593 52.298420
21.000000 45.594791 45.546938 53.179576
22.000000 45.992757 45.539006 54.019177
23.000000 46.083756 46.133328 54.819623
24.000000 46.519315 46.661646 55.583027
25.000000 47.504953 47.388556 56.311261
26.000000 48.162553 47.877569 57.005989
27.000000 48.227069 48.571520 57.668692
28.000000 48.981556 49.290299 58.300695
29.000000 49.726362 49.446904 58.903186
30.000000 50.427121 50.356648 59.477229
31.000000 50.828811 50.731045 60.023782
32.000000 51.571397 51.471334 60.543709
33.000000 51.847875 52.325575 61.037788
34.000000 52.307007 52.588129 61.506718
35.000000 53.415604 53.404826 61.951135
36.000000 53.809912 53.749913 62.376706
37.000000 53.600901 54.022440 62.994342
38.000000 54.965759 54.945041 63.421818
39.000000 55.087234 55.216397 63.846970
40.000000 55.683873 55.674077 64.269686
