0.500000 0.569894 0.569074 0.507206
2.522727 0.561068 0.565415 0.507790
4.545455 0.561118 0.556455 0.508360
6.568182 0.543781 0.546320 0.508916
8.590909 0.541192 0.539636 0.509457
10.613636 0.532811 0.533077 0.509982
12.636364 0.524135 0.522440 0.510492
14.659091 0.510363 0.511505 0.510985
16.681818 0.500886 0.506744 0.511461
18.704545 0.480149 0.487587 0.511921
20.727273 0.479888 0.478182 0.512363
22.750000 0.471215 0.465551 0.512789
24.772727 0.442299 0.450689 0.513197
26.795455 0.437268 0.439409 0.513587
28.818182 0.428241 0.423621 0.513961
30.840909 0.416093 0.412096 0.514317
32.863636 0.376696 0.397361 0.514656
34.886364 0.384627 0.383433 0.514979
36.909091 0.377794 0.370537 0.515309
38.931818 0.349734 0.357927 0.515613
40.954545 0.344667 0.345182 0.515908
42.977273 0.337749 0.329951 0.516194
45.000000 0.327109 0.316927 0.516470
47.022727 0.307240 0.304976 0.516736
49.045455 0.309234 0.291818 0.516990
51.068182 0.296175 0.278923 0.517232
53.090909 0.251638 0.266047 0.517461
55.113636 0.256695 0.253540 0.517678
57.136364 0.258674 0.244397 0.517918
59.159091 0.235171 0.232845 0.518109
61.181818 0.232331 0.222700 0.518286
63.204545 0.206944 0.212873 0.518448
65.227273 0.199682 0.206831 0.518596
67.250000 0.196989 0.202561 0.518729
69.272727 0.198172 0.201758 0.518848
71.295455 0.193191 0.187879 0.518996
73.318182 0.196883 0.187144 0.519086
75.340909 0.190606 0.189734 0.519163
77.363636 0.182572 0.182205 0.519225
79.386364 0.182123 0.184955 0.519274
81.409091 0.185307 0.177816 0.519310
83.431818 0.191891 0.188679 0.519376
85.454545 0.191066 0.193651 0.519387
87.477273 0.201713 0.199270 0.519386
89.500000 0.191820 0.189841 0.519374
