0.500000 28.218883 28.481839 16.206389
2.522727 28.924640 29.025088 20.439356
4.545455 28.550724 28.689997 23.508994
6.568182 28.553414 28.514845 25.963697
8.590909 28.531575 28.584797 28.028930
10.613636 28.189842 28.265263 29.822825
12.636364 28.138950 28.248370 31.416056
14.659091 28.163330 28.426222 32.854633
16.681818 28.473641 28.583344 34.170297
18.704545 28.817286 29.008097 35.385873
20.727273 29.352492 29.462033 36.518268
22.750000 29.895672 30.094630 37.580267
24.772727 30.390040 30.397530 38.581660
26.795455 30.769923 30.939511 39.529982
28.818182 32.015147 32.223228 40.440509
30.840909 32.492605 32.422790 41.384241
32.863636 33.375636 33.134894 42.375945
34.886364 33.667516 33.920609 43.417110
36.909091 35.048872 34.941145 44.509232
38.931818 35.606806 35.801863 45.653728
40.954545 36.897412 36.806704 46.851852
42.977273 37.735315 37.702661 48.104599
45.000000 39.005598 38.998035 49.412601
47.022727 39.856723 40.033533 50.776023
49.045455 40.857174 41.237141 51.933686
51.068182 42.899614 42.829314 53.387425
53.090909 45.177686 44.672232 54.892472
55.113636 46.597628 46.164437 56.446152
57.136364 48.234697 48.061029 58.044947
59.159091 50.892098 50.138195 59.684501
61.181818 52.225283 52.008722 61.359671
63.204545 55.263739 54.773858 63.064610
65.227273 56.856922 57.167962 64.792890
67.250000 60.787010 60.010645 66.537640
69.272727 62.857834 63.043849 68.291704
71.295455 66.439729 65.725685 70.047798
73.318182 69.059325 68.584822 71.798656
75.340909 70.262542 71.157650 73.537160
77.363636 73.003827 73.441113 75.256449
79.386364 75.806511 75.377623 76.949997
81.409091 75.937505 75.898636 78.611669
83.431818 74.997632 76.293097 80.235757
85.454545 76.056188 75.940822 81.816987
87.477273 74.910196 75.321961 83.350520
89.500000 72.373994 73.883470 84.831933
