1.000000 0.607214 0.607217 0.625902
2.000000 0.603317 0.603345 0.621461
3.000000 0.600648 0.601339 0.616964
4.000000 0.597248 0.597329 0.612413
5.000000 0.594220 0.593919 0.607809
6.000000 0.592392 0.592548 0.603153
7.000000 0.588549 0.588419 0.598447
8.000000 0.586436 0.586710 0.593693
9.000000 0.584085 0.583949 0.588891
10.000000 0.582483 0.582159 0.584045
11.000000 0.579401 0.579503 0.579155
12.000000 0.576037 0.576360 0.574223
13.000000 0.574055 0.573966 0.569251
14.000000 0.570293 0.570324 0.564240
15.000000 0.565847 0.565933 0.559193
16.000000 0.563702 0.563229 0.554110
17.000000 0.558570 0.558989 0.548994
18.000000 0.554444 0.554580 0.543846
19.000000 0.550043 0.549984 0.538668
20.000000 0.545010 0.545467 0.533463
21.000000 0.539925 0.540763 0.528230
22.000000 0.535186 0.535622 0.522974
23.000000 0.531733 0.531131 0.517694
24.000000 0.525353 0.526035 0.512394
25.000000 0.519434 0.520399 0.507068
26.000000 0.514993 0.514604 0.501653
27.000000 0.508945 0.508714 0.496135
28.000000 0.501856 0.502674 0.490860
29.000000 0.497136 0.496789 0.485164
30.000000 0.491797 0.490945 0.479373
31.000000 0.485477 0.484705 0.473487
32.000000 0.478284 0.478179 0.467511
33.000000 0.471471 0.472380 0.461448
34.000000 0.464992 0.465816 0.455298
35.000000 0.457529 0.458667 0.449067
36.000000 0.453558 0.452388 0.442757
37.000000 0.446167 0.445900 0.436371
38.000000 0.437985 0.438238 0.429913
39.000000 0.431046 0.431716 0.423386
40.000000 0.424054 0.424191 0.416795
