0.500000 0.559054 0.558925 0.507809
2.522727 0.555384 0.555713 0.508358
4.545455 0.553677 0.554029 0.508896
6.568182 0.550967 0.551137 0.509420
8.590909 0.549346 0.549703 0.509930
10.613636 0.546823 0.546234 0.510426
12.636364 0.541691 0.541486 0.510908
14.659091 0.535966 0.535506 0.511374
16.681818 0.529923 0.529898 0.511824
18.704545 0.523839 0.522769 0.512259
20.727273 0.515588 0.515741 0.512678
22.750000 0.507424 0.507276 0.513080
24.772727 0.499474 0.499393 0.513467
26.795455 0.490609 0.490902 0.513837
28.818182 0.482199 0.483087 0.514191
30.840909 0.475740 0.475138 0.514529
32.863636 0.466730 0.466928 0.514852
34.886364 0.459808 0.459215 0.515162
36.909091 0.451511 0.451656 0.515486
38.931818 0.442941 0.443676 0.515782
40.954545 0.435014 0.435646 0.516070
42.977273 0.429778 0.429242 0.516348
45.000000 0.421374 0.421626 0.516616
47.022727 0.414538 0.414480 0.516873
49.045455 0.405575 0.406781 0.517119
51.068182 0.399932 0.400497 0.517352
53.090909 0.394976 0.394392 0.517572
55.113636 0.388858 0.388462 0.517779
57.136364 0.381950 0.382011 0.518010
59.159091 0.377995 0.377823 0.518191
61.181818 0.371504 0.371992 0.518358
63.204545 0.367551 0.367428 0.518511
65.227273 0.361709 0.362125 0.518649
67.250000 0.357667 0.358285 0.518773
69.272727 0.354903 0.354487 0.518882
71.295455 0.351275 0.351368 0.519020
73.318182 0.348181 0.348405 0.519102
75.340909 0.348902 0.348709 0.519170
77.363636 0.345527 0.345864 0.519224
79.386364 0.343551 0.343675 0.519265
81.409091 0.343249 0.343437 0.519293
83.431818 0.343450 0.343260 0.519351
85.454545 0.343648 0.343731 0.519355
87.477273 0.343662 0.343815 0.519348
89.500000 0.344151 0.344062 0.519330
