0.500000 0.619524 0.618904 0.627391
2.522727 0.613579 0.613714 0.611910
4.545455 0.607730 0.607354 0.609316
6.568182 0.602254 0.602431 0.600391
8.590909 0.596299 0.596264 0.576674
10.613636 0.590045 0.590017 0.580472
12.636364 0.582587 0.583343 0.565829
14.659091 0.574826 0.574609 0.558356
16.681818 0.566194 0.566084 0.532388
18.704545 0.556542 0.555985 0.539753
20.727273 0.545635 0.545188 0.527926
22.750000 0.534278 0.534587 0.518882
24.772727 0.521700 0.521924 0.504341
26.795455 0.510782 0.509650 0.496748
28.818182 0.495866 0.496823 0.482064
30.840909 0.483644 0.483126 0.457446
32.863636 0.467697 0.468458 0.454707
34.886364 0.455487 0.455422 0.449249
36.909091 0.440219 0.440107 0.421918
38.931818 0.426781 0.425771 0.411808
40.954545 0.411107 0.410590 0.401034
42.977273 0.395288 0.394138 0.397190
45.000000 0.378799 0.378950 0.363396
47.022727 0.361118 0.362428 0.368785
49.045455 0.348638 0.346322 0.349593
51.068182 0.330455 0.330485 0.336305
53.090909 0.313785 0.313972 0.328940
55.113636 0.296933 0.297695 0.314894
57.136364 0.283379 0.282437 0.298154
59.159091 0.267163 0.267041 0.279547
61.181818 0.250799 0.251779 0.269724
63.204545 0.237094 0.237281 0.251143
65.227273 0.223307 0.223250 0.246970
67.250000 0.210530 0.210218 0.236563
69.272727 0.197554 0.198741 0.232575
71.295455 0.188000 0.188346 0.223450
73.318182 0.179437 0.178679 0.214976
75.340909 0.170958 0.171420 0.210586
77.363636 0.164981 0.164964 0.206876
79.386364 0.159668 0.160525 0.202513
81.409091 0.158489 0.158378 0.201667
83.431818 0.154671 0.155917 0.199479
85.454545 0.158580 0.158578 0.203002
87.477273 0.159655 0.159290 0.198712
89.500000 0.163696 0.163744 0.199249
