0.500000 0.619489 0.619634 0.621602
2.522727 0.613662 0.613522 0.612893
4.545455 0.608320 0.608349 0.603956
6.568182 0.604009 0.603605 0.594806
8.590909 0.598484 0.598140 0.585453
10.613636 0.592042 0.592013 0.575911
12.636364 0.584711 0.584098 0.566193
14.659091 0.576672 0.577229 0.556312
16.681818 0.568807 0.568686 0.546283
18.704545 0.559033 0.558614 0.536118
20.727273 0.548531 0.548070 0.525833
22.750000 0.536875 0.536792 0.515442
24.772727 0.525134 0.525541 0.504769
26.795455 0.512468 0.512473 0.493665
28.818182 0.499663 0.499665 0.482515
30.840909 0.487270 0.487524 0.470659
32.863636 0.472910 0.472756 0.458437
34.886364 0.457827 0.457955 0.445874
36.909091 0.443858 0.443702 0.432996
38.931818 0.427337 0.428620 0.419830
40.954545 0.411424 0.412780 0.407119
42.977273 0.399514 0.398072 0.393540
45.000000 0.382554 0.381853 0.379781
47.022727 0.365195 0.365050 0.365884
49.045455 0.349879 0.349594 0.351899
51.068182 0.333109 0.333107 0.338934
53.090909 0.317014 0.316306 0.325026
55.113636 0.301502 0.300434 0.311233
57.136364 0.284740 0.284332 0.297651
59.159091 0.269653 0.269226 0.285709
61.181818 0.252102 0.253166 0.272953
63.204545 0.238381 0.238470 0.260779
65.227273 0.223782 0.224789 0.250812
67.250000 0.211752 0.211450 0.240264
69.272727 0.199132 0.198528 0.230690
71.295455 0.188667 0.187891 0.223748
73.318182 0.176841 0.177922 0.216371
75.340909 0.169729 0.170092 0.210142
77.363636 0.164424 0.164434 0.206603
79.386364 0.160127 0.159161 0.202627
81.409091 0.156538 0.156185 0.201204
83.431818 0.154277 0.154260 0.199318
85.454545 0.155224 0.155750 0.198431
87.477273 0.156578 0.156106 0.199714
89.500000 0.159934 0.159597 0.200556
