0.500000 36.523696 36.500610 10.787585
2.522727 37.445100 37.397213 29.356951
4.545455 37.565408 37.628325 34.926152
6.568182 37.818230 37.996275 35.474986
8.590909 37.818124 38.082755 38.910387
10.613636 38.581517 38.603710 42.156339
12.636364 39.148824 38.995424 45.199625
14.659091 39.611380 39.745833 53.901643
16.681818 40.562541 40.388168 61.734288
18.704545 41.515415 41.546575 56.398430
20.727273 42.649040 42.556915 57.925461
22.750000 43.689452 43.421736 60.929098
24.772727 44.484245 44.421737 56.350148
26.795455 46.201127 45.885317 57.725561
28.818182 46.311759 46.664672 68.512145
30.840909 47.468499 47.723325 60.077967
32.863636 48.885188 49.067532 67.725128
34.886364 49.776229 50.001983 65.892961
36.909091 50.945313 50.993054 71.861903
38.931818 52.081957 52.241065 69.967312
40.954545 53.599146 53.429294 65.072324
42.977273 54.217343 54.339450 66.882086
45.000000 55.915883 55.867786 66.848054
47.022727 57.427560 57.102541 69.191425
49.045455 58.685861 58.700402 69.143610
51.068182 60.696202 60.428291 69.350671
53.090909 61.295790 61.357243 69.920392
55.113636 62.873710 63.109617 78.584162
57.136364 65.591948 64.478793 78.288385
59.159091 65.997882 66.281128 72.193713
61.181818 68.216149 68.284352 72.883494
63.204545 70.017026 69.850495 74.039164
65.227273 71.604215 71.513849 80.270635
67.250000 72.944632 73.268145 82.758547
69.272727 75.634882 75.359008 79.306889
71.295455 77.392200 76.614894 79.602976
73.318182 78.854654 78.342325 80.455887
75.340909 78.624472 79.769725 81.561568
77.363636 80.782500 80.744521 80.436504
79.386364 81.681556 81.611303 81.683661
81.409091 81.254754 81.897556 81.735019
83.431818 81.701433 82.048514 84.116568
85.454545 81.727266 81.482752 80.938517
87.477273 80.602648 80.797864 85.490595
89.500000 79.872636 79.566032 82.735101
