0.500000 22.424388 22.616854 10.170479
2.522727 22.676510 23.000450 12.707659
4.545455 20.419686 20.461489 14.360496
6.568182 22.727770 21.021504 15.566370
8.590909 18.859586 19.733967 16.494707
10.613636 23.900251 21.675257 17.231712
12.636364 20.015136 21.910915 17.828110
14.659091 20.397520 20.513018 18.316644
16.681818 22.164398 20.880632 18.719877
18.704545 21.533082 20.376399 19.054140
20.727273 20.488236 22.323262 19.331723
22.750000 22.569863 20.983526 19.562218
24.772727 22.199617 21.799244 19.789548
26.795455 19.690685 20.664909 20.048720
28.818182 21.721728 21.194614 20.341774
30.840909 20.375292 19.006673 20.586471
32.863636 22.539272 20.748172 20.948202
34.886364 25.726040 23.684157 21.354523
36.909091 22.669532 21.039338 21.811191
38.931818 21.697535 22.994343 22.325384
40.954545 20.882905 22.220676 22.906051
42.977273 24.406408 23.381994 23.421217
45.000000 27.254802 24.676828 24.159239
47.022727 21.573733 25.417117 25.005906
49.045455 26.884012 23.917459 25.983976
51.068182 28.063801 27.005805 26.923476
53.090909 28.817947 27.115744 28.243166
55.113636 31.085567 31.992848 29.808958
57.136364 27.503671 29.147239 31.421262
59.159091 31.600948 33.827812 33.653807
61.181818 35.542483 34.892529 36.353135
63.204545 33.914981 38.233639 39.232133
65.227273 43.579853 40.407831 43.008089
67.250000 40.885972 41.976514 47.329855
69.272727 42.520374 44.220693 51.585336
71.295455 53.002990 53.523751 56.631519
73.318182 49.013807 54.490487 61.234432
75.340909 54.793957 58.987507 66.529070
77.363636 57.340598 56.289086 71.060876
79.386364 61.903028 62.793735 76.288685
81.409091 66.468803 60.383282 80.511726
83.431818 67.961587 61.969791 81.340716
85.454545 61.186624 60.498194 76.614663
87.477273 56.284837 63.406675 73.393468
89.500000 58.991692 62.131131 69.809170
