1.000000 21.887937 21.959990 7.038326
2.000000 22.509898 22.505753 9.455947
3.000000 22.759560 22.770327 11.135157
4.000000 22.831606 22.952096 12.439731
5.000000 23.277355 23.094876 13.509341
6.000000 22.735999 22.722984 14.415035
7.000000 22.473091 22.543395 15.198694
8.000000 22.419823 22.590387 15.887402
9.000000 22.139604 22.152632 16.499838
10.000000 22.025299 22.234438 17.049512
11.000000 22.088701 21.999309 17.546556
12.000000 21.880574 22.140248 17.998793
13.000000 21.659866 21.637396 18.412411
14.000000 21.865620 21.769158 18.792400
15.000000 21.196674 21.396196 19.142852
16.000000 21.446759 21.472263 19.467174
17.000000 21.613490 21.496088 19.768236
18.000000 21.303936 21.380230 20.048485
19.000000 21.434930 21.494328 20.310026
20.000000 21.844648 21.694977 20.554688
21.000000 21.240474 21.503950 20.784070
22.000000 21.224855 21.513097 20.999584
23.000000 21.915037 21.859765 21.202484
24.000000 21.887783 21.657166 21.393890
25.000000 22.040863 21.926427 21.576128
26.000000 22.093485 22.139925 21.763679
27.000000 21.943112 22.030621 21.960520
28.000000 22.212995 22.144965 22.085239
29.000000 22.401147 22.527865 22.297403
30.000000 22.449858 22.607223 22.519891
31.000000 23.058081 22.965816 22.753171
32.000000 22.894466 22.846533 22.997760
33.000000 22.821215 22.965469 23.254231
34.000000 23.035869 23.042981 23.523215
35.000000 23.727543 23.580536 23.805406
36.000000 23.731702 23.805628 24.101566
37.000000 23.995799 24.007308 24.412530
38.000000 24.285201 24.242375 24.739215
39.000000 24.514649 24.542161 25.082623
40.000000 25.126627 24.949942 25.443854
