0.500000 33.122756 34.520494 24.046528
2.522727 35.853437 34.936639 30.150534
4.545455 33.388173 32.905108 34.735897
6.568182 35.834148 35.413892 38.468222
8.590909 35.034657 35.543359 41.635197
10.613636 35.962225 34.337269 44.391394
12.636364 39.548192 37.878884 46.830674
14.659091 38.425951 38.009029 49.014724
16.681818 37.940849 36.466362 50.986381
18.704545 40.667364 40.700963 52.776623
20.727273 44.438906 42.278619 54.408536
22.750000 39.840212 38.653681 55.899734
24.772727 41.451636 41.146648 57.263895
26.795455 44.055415 45.277452 58.511787
28.818182 37.693833 42.652077 59.651973
30.840909 42.095561 45.925343 60.838592
32.863636 50.753490 49.188876 61.796683
34.886364 49.533332 49.600794 62.694179
36.909091 55.016491 49.211187 63.586007
38.931818 54.834489 53.233127 64.472135
40.954545 53.265733 51.865347 65.351460
42.977273 53.233238 54.006698 66.222905
45.000000 50.008239 50.602396 67.085416
47.022727 47.506182 50.489664 67.937954
49.045455 55.892821 54.933691 68.779485
51.068182 54.217887 56.503576 69.608977
53.090909 63.082489 61.494420 70.425395
55.113636 59.474124 59.565408 71.559353
57.136364 58.876372 59.805327 72.363326
59.159091 58.196036 66.157313 73.151253
61.181818 69.199819 65.453282 73.922042
63.204545 65.173624 68.171870 74.674580
65.227273 71.920657 67.303287 75.407730
67.250000 65.709318 69.945767 76.120327
69.272727 70.655150 72.587646 76.811174
71.295455 79.018387 76.186477 77.948395
73.318182 66.446606 74.462080 78.610262
75.340909 77.045736 79.047738 79.246748
77.363636 74.668087 80.655357 79.856503
79.386364 71.085098 80.933295 80.438126
81.409091 84.153574 82.572880 80.990171
83.431818 78.115263 82.241267 82.089880
85.454545 75.767993 83.943840 82.597361
87.477273 76.856189 82.441155 83.070723
89.500000 78.026214 83.120473 83.508274
