1.000000 37.500964 37.646560 14.603194
2.000000 39.151028 39.281195 20.120426
3.000000 40.000275 39.951073 24.156127
4.000000 40.519981 40.739884 27.429202
5.000000 41.127732 41.076440 30.217140
6.000000 41.249265 41.352127 32.661747
7.000000 41.509704 41.432907 34.846941
8.000000 41.628615 41.753363 36.827183
9.000000 41.605121 41.668619 38.640136
10.000000 41.538625 41.582167 40.313101
11.000000 41.937927 41.865751 41.866585
12.000000 41.994174 41.767678 43.316437
13.000000 42.471667 42.189738 44.675192
14.000000 42.643386 42.589333 45.952951
15.000000 42.650888 42.512082 47.157985
16.000000 42.748416 42.906315 48.297162
17.000000 42.811528 43.273067 49.376244
18.000000 43.580683 43.256958 50.400123
19.000000 43.791931 43.763293 51.372979
20.000000 43.986428 44.189302 52.298420
21.000000 44.591473 44.589023 53.179576
22.000000 44.949838 45.174605 54.019177
23.000000 45.763902 45.475715 54.819623
24.000000 46.020748 46.040431 55.583027
25.000000 46.455872 46.531845 56.311261
26.000000 47.702701 47.329578 57.005989
27.000000 47.777234 48.054186 57.668692
28.000000 47.823090 47.957881 58.300695
29.000000 49.430278 49.116194 58.903186
30.000000 49.420037 49.338137 59.477229
31.000000 50.138464 50.256138 60.023782
32.000000 50.186261 50.505666 60.543709
33.000000 51.232698 51.393903 61.037788
34.000000 51.959725 51.820510 61.506718
35.000000 52.631988 52.425488 61.951135
36.000000 52.860359 52.854805 62.376706
37.000000 53.303416 53.558158 62.994342
38.000000 53.410791 53.630929 63.421818
39.000000 54.818189 54.652588 63.846970
40.000000 55.010981 54.972134 64.269686
