0.500000 0.575803 0.577447 0.606975
2.522727 0.571291 0.571156 0.597739
4.545455 0.561187 0.565576 0.588371
6.568182 0.576278 0.571490 0.578887
8.590909 0.562715 0.559355 0.569302
10.613636 0.564473 0.560172 0.559630
12.636364 0.553077 0.552366 0.549889
14.659091 0.545210 0.548725 0.540095
16.681818 0.537804 0.534946 0.530263
18.704545 0.526575 0.529197 0.520411
20.727273 0.511672 0.514046 0.510556
22.750000 0.508992 0.510349 0.500715
24.772727 0.486456 0.493926 0.490906
26.795455 0.487374 0.488178 0.481145
28.818182 0.476139 0.478848 0.471737
30.840909 0.461814 0.465070 0.461892
32.863636 0.459049 0.454278 0.451872
34.886364 0.442560 0.445292 0.441707
36.909091 0.434441 0.436607 0.431434
38.931818 0.438154 0.422346 0.421088
40.954545 0.400478 0.409460 0.410710
42.977273 0.412818 0.401277 0.400344
45.000000 0.390795 0.388625 0.390038
47.022727 0.371942 0.375876 0.380601
49.045455 0.373673 0.369149 0.370625
51.068182 0.350533 0.352213 0.360873
53.090909 0.334218 0.335664 0.351407
55.113636 0.328613 0.333481 0.342289
57.136364 0.307354 0.320801 0.333581
59.159091 0.312609 0.303593 0.325342
61.181818 0.291753 0.287869 0.318702
63.204545 0.285674 0.287300 0.311595
65.227273 0.303638 0.290888 0.305099
67.250000 0.274783 0.270084 0.299247
69.272727 0.269952 0.272516 0.294060
71.295455 0.244908 0.247977 0.290721
73.318182 0.251204 0.252457 0.286893
75.340909 0.242665 0.243426 0.283736
77.363636 0.246051 0.247622 0.281238
79.386364 0.243676 0.256235 0.279382
81.409091 0.236756 0.228868 0.278146
83.431818 0.250350 0.249067 0.278557
85.454545 0.249024 0.245234 0.278429
87.477273 0.259050 0.264936 0.278827
89.500000 0.244660 0.248011 0.279716
