1.000000 29.383978 29.427998 10.001101
2.000000 30.018374 29.990884 13.650504
3.000000 30.377314 30.450942 16.279484
4.000000 30.408958 30.672172 18.389330
5.000000 31.219115 31.113696 20.172915
6.000000 31.491577 31.376232 21.728528
7.000000 31.214020 31.232154 23.114198
8.000000 31.273472 31.362161 24.367500
9.000000 31.260558 31.251920 25.514374
10.000000 31.217370 31.256335 26.573590
11.000000 31.506689 31.330618 27.559229
12.000000 31.161496 31.115653 28.482160
13.000000 31.349072 31.161196 29.350968
14.000000 31.208102 30.901639 30.172565
15.000000 30.896921 30.874754 30.952603
16.000000 31.051319 31.159956 31.695770
17.000000 30.744375 30.994051 32.405995
18.000000 31.627553 31.608635 33.086604
19.000000 31.404775 31.389087 33.740437
20.000000 31.761658 31.587182 34.369935
21.000000 31.613987 31.859737 34.977205
22.000000 32.198099 32.207555 35.564083
23.000000 32.099620 32.519056 36.132165
24.000000 32.941363 32.834275 36.682848
25.000000 33.415173 33.279228 37.217357
26.000000 33.586739 33.577586 37.736766
27.000000 33.718230 33.654196 38.242016
28.000000 33.940844 34.098435 38.733931
29.000000 34.458274 34.449832 39.213233
30.000000 34.578181 34.657640 39.680549
31.000000 35.012648 34.875379 40.147728
32.000000 35.897031 35.575648 40.626363
33.000000 36.067261 35.749816 41.116642
34.000000 36.254626 36.287019 41.618754
35.000000 36.584712 36.831676 42.132891
36.000000 37.350915 37.338599 42.659243
37.000000 37.363285 37.569936 43.197998
38.000000 38.111809 38.295429 43.749341
39.000000 38.667263 38.525742 44.313446
40.000000 38.891916 38.905966 44.890479
