1.000000 0.541234 0.541094 0.507352
2.000000 0.539949 0.539973 0.507640
3.000000 0.539362 0.539414 0.507926
4.000000 0.539158 0.539172 0.508207
5.000000 0.538712 0.538898 0.508486
6.000000 0.538899 0.539131 0.508761
7.000000 0.538352 0.538541 0.509032
8.000000 0.538632 0.538473 0.509300
9.000000 0.538302 0.538260 0.509564
10.000000 0.537938 0.537909 0.509824
11.000000 0.537418 0.537410 0.510081
12.000000 0.536808 0.536733 0.510333
13.000000 0.535601 0.535632 0.510582
14.000000 0.534431 0.534335 0.510826
15.000000 0.533122 0.532946 0.511066
16.000000 0.530767 0.531142 0.511303
17.000000 0.529801 0.529774 0.511535
18.000000 0.526682 0.526878 0.511763
19.000000 0.525054 0.524656 0.511987
20.000000 0.523066 0.522510 0.512206
21.000000 0.520153 0.520192 0.512422
22.000000 0.516729 0.517304 0.512633
23.000000 0.515218 0.515289 0.512840
24.000000 0.511247 0.511504 0.513043
25.000000 0.508926 0.508974 0.513241
26.000000 0.506245 0.506450 0.513436
27.000000 0.503643 0.503746 0.513626
28.000000 0.500627 0.500617 0.513812
29.000000 0.498009 0.497832 0.513993
30.000000 0.494995 0.494733 0.514171
31.000000 0.492335 0.492260 0.514344
32.000000 0.489804 0.489437 0.514513
33.000000 0.485774 0.486148 0.514679
34.000000 0.483446 0.483478 0.514840
35.000000 0.481319 0.480943 0.514997
36.000000 0.478389 0.478264 0.515150
37.000000 0.475998 0.475724 0.515323
38.000000 0.472439 0.472716 0.515474
39.000000 0.470014 0.470896 0.515623
40.000000 0.466374 0.467186 0.515770
