0.500000 35.944620 36.000495 24.653352
2.522727 37.201633 37.056958 30.928668
4.545455 37.493520 37.174304 35.635308
6.568182 37.721281 37.618828 39.458456
8.590909 37.316227 37.105909 42.694613
10.613636 37.082541 37.351894 45.503315
12.636364 37.910306 37.937550 47.981607
14.659091 38.465389 38.708613 50.193399
16.681818 38.889005 38.908170 52.183183
18.704545 38.958969 39.757972 53.983221
20.727273 40.820722 40.559765 55.617645
22.750000 41.730677 41.679455 57.104933
24.772727 42.997238 42.864206 58.459505
26.795455 44.119463 43.932536 59.692772
28.818182 45.574058 45.236790 60.813866
30.840909 46.323497 46.512318 61.830149
32.863636 47.305195 47.400628 62.747593
34.886364 48.490225 48.779459 63.600795
36.909091 49.622714 49.807128 64.637217
38.931818 51.142860 50.888783 65.486647
40.954545 52.081887 51.637518 66.326039
42.977273 53.204524 53.310086 67.154467
45.000000 54.412040 54.416828 67.971035
47.022727 55.430027 55.703238 68.774869
49.045455 57.395023 56.691253 69.565113
51.068182 58.692961 58.427492 70.340916
53.090909 59.181291 59.725340 71.101432
55.113636 61.426160 61.562064 71.845812
57.136364 62.785658 62.768964 72.922023
59.159091 64.895780 64.977650 73.648270
61.181818 66.595222 66.492485 74.355941
63.204545 67.541875 68.460599 75.044129
65.227273 69.828590 69.992156 75.711903
67.250000 72.172119 71.868852 76.358306
69.272727 73.056268 73.702240 76.982344
71.295455 75.583985 75.522262 78.049762
73.318182 76.779637 77.232938 78.643728
75.340909 78.892839 79.203894 79.212281
77.363636 80.638839 80.681836 79.754258
79.386364 81.549045 81.870745 80.268445
81.409091 81.703898 82.777165 80.753570
83.431818 83.243752 83.286508 81.781247
85.454545 83.409963 83.388974 82.222812
87.477273 85.119448 83.029471 82.631253
89.500000 81.815037 82.331892 83.005019
