0.500000 21.728605 21.690896 10.806043
2.522727 21.579105 21.641812 13.606173
4.545455 21.249221 21.254923 15.463246
6.568182 20.650444 20.790143 16.844459
8.590909 20.371469 20.456580 17.930757
10.613636 20.114511 20.111307 18.814261
12.636364 20.019873 20.145899 19.549223
14.659091 19.885705 19.728092 20.170698
16.681818 19.616225 19.664739 20.702862
18.704545 19.616745 19.704291 21.163225
20.727273 19.731473 19.813062 21.564968
22.750000 19.924423 19.948611 21.918372
24.772727 20.023198 19.924228 22.271322
26.795455 20.316619 20.294155 22.662381
28.818182 20.464158 20.500781 23.009379
30.840909 20.495534 20.399450 23.476377
32.863636 20.992277 20.987632 23.991408
34.886364 21.533820 21.484128 24.559697
36.909091 21.706314 21.686399 25.187590
38.931818 22.551791 22.367614 25.882746
40.954545 23.231171 22.892692 26.507700
42.977273 22.830429 23.084534 27.354301
45.000000 23.828419 23.965786 28.300906
47.022727 24.936057 24.941231 29.363436
49.045455 25.861988 25.899065 30.560982
51.068182 26.974906 26.978153 31.694473
53.090909 28.185241 28.372533 33.214560
55.113636 29.120197 29.556054 34.947315
57.136364 30.847374 30.962225 36.925659
59.159091 33.253203 33.209068 38.867604
61.181818 35.335564 35.192014 41.401200
63.204545 37.948355 37.677328 44.256462
65.227273 40.786340 40.403081 47.014872
67.250000 42.953113 43.128952 50.450283
69.272727 46.476142 46.638785 54.142476
71.295455 49.153495 49.447181 57.483110
73.318182 52.522124 52.022306 61.472769
75.340909 54.521560 54.471854 65.551201
77.363636 56.305723 56.147903 68.955288
79.386364 56.236313 56.895011 73.016751
81.409091 57.600853 57.313115 76.220075
83.431818 56.404349 56.872895 80.130613
85.454545 55.398657 56.189593 83.962172
87.477273 54.551843 55.252689 86.707091
89.500000 53.545837 54.081475 90.280727
