1.000000 37.022559 37.071114 14.603194
2.000000 38.363575 38.477137 20.120426
3.000000 39.305369 39.243876 24.156127
4.000000 39.581166 39.796655 27.429202
5.000000 40.521215 40.420204 30.217140
6.000000 40.194570 40.291357 32.661747
7.000000 40.986826 40.899941 34.846941
8.000000 40.856547 40.808186 36.827183
9.000000 40.977315 41.097484 38.640136
10.000000 41.378498 41.187479 40.313101
11.000000 40.915508 41.049992 41.866585
12.000000 40.734631 40.783008 43.316437
13.000000 41.325540 41.186035 44.675192
14.000000 41.366367 41.439353 45.952951
15.000000 41.385254 41.576533 47.157985
16.000000 41.822184 41.771052 48.297162
17.000000 41.636377 41.686328 49.376244
18.000000 42.860807 42.780640 50.400123
19.000000 42.881520 42.892028 51.372979
20.000000 42.655189 43.229586 52.298420
21.000000 43.623120 43.706600 53.179576
22.000000 44.382009 44.112179 54.019177
23.000000 44.780300 44.621814 54.819623
24.000000 45.471544 45.360333 55.583027
25.000000 45.693797 45.698494 56.311261
26.000000 46.364917 46.677721 57.005989
27.000000 46.823435 46.839916 57.668692
28.000000 47.308334 47.445993 58.300695
29.000000 47.701262 48.000577 58.903186
30.000000 48.610934 48.577520 59.477229
31.000000 49.647340 49.569599 60.023782
32.000000 49.834223 50.010121 60.543709
33.000000 49.873255 50.116575 61.037788
34.000000 50.772710 50.859602 61.506718
35.000000 51.284684 51.607486 61.951135
36.000000 51.933947 52.058434 62.376706
37.000000 52.390175 52.562348 62.994342
38.000000 53.709798 53.254464 63.421818
39.000000 53.906696 53.785036 63.846970
40.000000 54.218389 53.975272 64.269686
