1.000000 21.528691 21.520485 7.038326
2.000000 21.960414 21.951237 9.455947
3.000000 22.010643 21.748420 11.135157
4.000000 22.137983 22.131106 12.439731
5.000000 22.225234 22.311083 13.509341
6.000000 21.944496 21.928070 14.415035
7.000000 22.110942 22.189282 15.198694
8.000000 21.979966 21.895008 15.887402
9.000000 21.776656 21.834660 16.499838
10.000000 21.353221 21.449281 17.049512
11.000000 21.322545 21.283014 17.546556
12.000000 21.388463 21.289578 17.998793
13.000000 20.945753 20.971857 18.412411
14.000000 20.924925 20.917791 18.792400
15.000000 21.216591 21.117724 19.142852
16.000000 20.756493 20.838236 19.467174
17.000000 20.979658 20.837793 19.768236
18.000000 20.877945 20.812539 20.048485
19.000000 20.907548 20.931214 20.310026
20.000000 21.032878 20.943628 20.554688
21.000000 21.226783 21.013328 20.784070
22.000000 21.154900 21.043539 20.999584
23.000000 20.775446 20.896092 21.202484
24.000000 21.110290 20.982751 21.393890
25.000000 21.263962 21.103144 21.576128
26.000000 21.156627 21.214481 21.763679
27.000000 21.377055 21.358113 21.960520
28.000000 21.875037 21.644841 22.085239
29.000000 21.639079 21.730740 22.297403
30.000000 21.492833 21.671094 22.519891
31.000000 21.731071 21.814412 22.753171
32.000000 22.042212 22.158715 22.997760
33.000000 22.275568 22.112564 23.254231
34.000000 22.485397 22.258874 23.523215
35.000000 22.978613 22.795163 23.805406
36.000000 22.534527 22.701273 24.101566
37.000000 22.921373 23.045233 24.412530
38.000000 23.488892 23.437986 24.739215
39.000000 23.785837 23.564264 25.082623
40.000000 24.024956 23.970661 25.443854
