0.500000 0.587347 0.587448 0.573603
2.522727 0.582370 0.582426 0.554492
4.545455 0.577793 0.578036 0.538766
6.568182 0.573560 0.573366 0.549942
8.590909 0.568301 0.568441 0.541441
10.613636 0.564038 0.563123 0.528539
12.636364 0.557130 0.556779 0.525844
14.659091 0.550311 0.550148 0.522844
16.681818 0.541347 0.540457 0.513032
18.704545 0.530972 0.531286 0.497400
20.727273 0.520710 0.521551 0.493039
22.750000 0.512139 0.512269 0.482531
24.772727 0.500009 0.500693 0.480674
26.795455 0.489066 0.490052 0.466295
28.818182 0.479381 0.479237 0.467192
30.840909 0.468365 0.468077 0.465753
32.863636 0.456592 0.456220 0.458439
34.886364 0.444699 0.444763 0.451807
36.909091 0.431737 0.432534 0.445335
38.931818 0.419784 0.420748 0.438122
40.954545 0.408667 0.408806 0.422278
42.977273 0.399237 0.397257 0.424270
45.000000 0.386288 0.385321 0.413397
47.022727 0.373678 0.373248 0.403910
49.045455 0.361030 0.361277 0.402664
51.068182 0.350472 0.350069 0.399437
53.090909 0.338822 0.338123 0.391760
55.113636 0.327139 0.327459 0.380210
57.136364 0.314110 0.316509 0.380653
59.159091 0.305984 0.306508 0.376874
61.181818 0.295699 0.296493 0.369258
63.204545 0.287998 0.287142 0.367338
65.227273 0.278238 0.277781 0.361233
67.250000 0.268620 0.270594 0.357827
69.272727 0.263512 0.262860 0.355674
71.295455 0.258584 0.257897 0.350713
73.318182 0.253706 0.253747 0.348590
75.340909 0.248805 0.248294 0.347253
77.363636 0.245053 0.244842 0.345580
79.386364 0.241670 0.242422 0.344084
81.409091 0.241400 0.241572 0.342933
83.431818 0.239898 0.240291 0.342358
85.454545 0.242103 0.242532 0.341870
87.477273 0.241919 0.241770 0.341565
89.500000 0.245124 0.245355 0.342542
