0.500000 28.492703 28.536443 9.478441
2.522727 28.826574 28.825542 25.190524
4.545455 28.943755 28.821192 32.390822
6.568182 28.833362 28.887632 24.196160
8.590909 28.929266 28.851886 27.132463
10.613636 28.281945 28.682461 31.806942
12.636364 28.537686 28.720295 31.205542
14.659091 28.597652 28.623753 30.727814
16.681818 29.059220 29.327290 33.313608
18.704545 29.900675 29.803811 38.261459
20.727273 30.465232 30.183080 38.222674
22.750000 30.474659 30.456127 40.794371
24.772727 31.589004 31.455546 39.652186
26.795455 32.154167 31.912307 43.888609
28.818182 32.340126 32.370285 41.531786
30.840909 32.961229 33.026290 40.182633
32.863636 33.930811 34.052124 41.378921
34.886364 34.581399 34.605910 42.305603
36.909091 36.324483 36.077196 43.194750
38.931818 36.794165 36.554259 44.473874
40.954545 37.685550 37.614039 50.161014
42.977273 37.811682 38.454794 46.996802
45.000000 39.203985 39.419158 50.535769
47.022727 40.838388 40.743569 53.729621
49.045455 42.159109 41.936243 52.260278
51.068182 43.605539 43.818723 51.911212
53.090909 44.813335 45.179879 54.508599
55.113636 47.234915 47.108194 60.708160
57.136364 50.109006 49.315851 57.663183
59.159091 51.437554 51.099204 58.127356
61.181818 53.652509 53.393132 62.513416
63.204545 55.435331 55.727615 61.507158
65.227273 57.987629 58.411413 65.720412
67.250000 62.064010 61.165333 67.186939
69.272727 63.811991 63.994838 66.842688
71.295455 66.771452 67.124059 74.411725
73.318182 69.989061 69.704485 77.781011
75.340909 72.004394 71.628140 74.073054
77.363636 74.094871 73.226594 77.154881
79.386364 75.263150 74.238429 75.718100
81.409091 75.183562 74.667802 77.466978
83.431818 74.556985 74.212249 79.880176
85.454545 73.288387 73.542035 81.185258
87.477273 70.311946 72.220211 82.271886
89.500000 70.893483 70.845174 85.069506
