1.000000 21.844456 21.913245 7.038326
2.000000 22.077082 21.982651 9.455947
3.000000 22.437989 22.495174 11.135157
4.000000 22.336388 22.343950 12.439731
5.000000 22.702602 22.633287 13.509341
6.000000 22.142683 22.374393 14.415035
7.000000 22.336221 22.315724 15.198694
8.000000 22.100849 22.190223 15.887402
9.000000 22.109632 22.109989 16.499838
10.000000 22.130302 22.008790 17.049512
11.000000 21.565999 21.600015 17.546556
12.000000 21.647955 21.601604 17.998793
13.000000 21.573068 21.485485 18.412411
14.000000 21.280946 21.247078 18.792400
15.000000 21.263423 21.244754 19.142852
16.000000 21.368144 21.326889 19.467174
17.000000 21.270694 21.194200 19.768236
18.000000 20.974093 20.991261 20.048485
19.000000 21.064698 21.313828 20.310026
20.000000 21.263801 21.256950 20.554688
21.000000 21.279422 21.241777 20.784070
22.000000 21.094816 21.208489 20.999584
23.000000 21.227222 21.219391 21.202484
24.000000 21.167162 21.517565 21.393890
25.000000 21.565381 21.483223 21.576128
26.000000 21.471177 21.622520 21.763679
27.000000 21.652325 21.636488 21.960520
28.000000 21.860931 21.837929 22.085239
29.000000 21.969114 21.968643 22.297403
30.000000 22.277187 22.207069 22.519891
31.000000 22.329613 22.504182 22.753171
32.000000 22.521459 22.509939 22.997760
33.000000 22.709849 22.608109 23.254231
34.000000 22.869713 22.857856 23.523215
35.000000 22.555020 22.844704 23.805406
36.000000 23.456073 23.213553 24.101566
37.000000 23.671967 23.677991 24.412530
38.000000 23.656037 23.679692 24.739215
39.000000 24.088323 24.036039 25.082623
40.000000 24.244735 24.195251 25.443854
