0.500000 18.122726 17.667680 7.255414
2.522727 15.517707 16.727510 15.108098
4.545455 17.541955 17.337313 19.395076
6.568182 18.748973 17.625441 22.533943
8.590909 18.487913 18.849500 25.056732
10.613636 16.754731 18.031819 27.186385
12.636364 17.319206 18.582012 29.040833
14.659091 18.070818 18.591483 30.691041
16.681818 19.513370 18.565515 32.183375
18.704545 18.758352 18.333704 33.549895
20.727273 19.940205 19.156144 34.813681
22.750000 19.292196 20.071726 35.991827
24.772727 20.721501 21.254725 37.097240
26.795455 21.522342 21.147837 38.139779
28.818182 20.361557 20.513026 39.126996
30.840909 21.848009 20.113563 40.072643
32.863636 21.712891 21.149716 41.049093
34.886364 21.112241 21.095462 42.073854
36.909091 24.435962 23.706519 43.148503
38.931818 21.194027 21.944492 44.274576
40.954545 25.358864 22.957277 45.453482
42.977273 23.818369 24.853312 46.686418
45.000000 21.144350 22.564332 47.974266
47.022727 26.860644 25.654078 49.317492
49.045455 28.673175 26.693318 50.455160
51.068182 28.681203 28.529069 51.889821
53.090909 24.199095 26.391284 53.376927
55.113636 27.849906 31.330972 54.914251
57.136364 42.294590 37.708317 56.498727
59.159091 37.222847 37.029558 58.126434
61.181818 43.161429 39.871078 59.792622
63.204545 44.820441 40.143761 61.491777
65.227273 38.893602 44.663081 63.217728
67.250000 45.131310 47.977192 64.963772
69.272727 46.597596 45.091128 66.722832
71.295455 43.593617 46.014290 68.487611
73.318182 40.835336 42.794902 70.250753
75.340909 35.533080 40.778881 72.004980
77.363636 41.536276 39.073111 73.743216
79.386364 29.482351 34.255215 75.458684
81.409091 17.819591 31.464045 77.144975
83.431818 29.808676 27.779036 78.796097
85.454545 34.271195 23.950059 80.406493
87.477273 28.856233 20.668551 81.971053
89.500000 24.304142 22.730610 83.485096
