0.500000 0.559212 0.558991 0.507213
2.522727 0.555647 0.555729 0.508243
4.545455 0.553783 0.553520 0.508835
6.568182 0.550797 0.550644 0.509052
8.590909 0.547879 0.547609 0.509553
10.613636 0.543291 0.543151 0.510073
12.636364 0.537998 0.538503 0.510601
14.659091 0.532592 0.532325 0.511800
16.681818 0.525896 0.526170 0.512939
18.704545 0.518527 0.518696 0.512542
20.727273 0.510766 0.510968 0.512949
22.750000 0.503555 0.503839 0.513527
24.772727 0.495946 0.496179 0.513220
26.795455 0.486429 0.487598 0.513609
28.818182 0.479926 0.479751 0.515040
30.840909 0.472287 0.472067 0.514333
32.863636 0.464215 0.464241 0.515382
34.886364 0.457166 0.456796 0.515403
36.909091 0.448860 0.448762 0.516196
38.931818 0.442287 0.441668 0.516216
40.954545 0.434587 0.434270 0.515948
42.977273 0.427034 0.427158 0.516323
45.000000 0.420076 0.419931 0.516516
47.022727 0.412698 0.412950 0.516908
49.045455 0.406696 0.406570 0.517085
51.068182 0.400208 0.400681 0.517277
53.090909 0.393786 0.393586 0.517489
55.113636 0.388366 0.387937 0.518153
57.136364 0.379706 0.381188 0.518284
59.159091 0.376135 0.376117 0.518113
61.181818 0.372243 0.372648 0.518287
63.204545 0.366681 0.367026 0.518469
65.227273 0.363326 0.363131 0.518777
67.250000 0.359509 0.359464 0.518897
69.272727 0.356988 0.357578 0.518926
71.295455 0.352046 0.352326 0.519041
73.318182 0.349648 0.350310 0.519114
75.340909 0.348787 0.348096 0.519170
77.363636 0.345806 0.345896 0.519222
79.386364 0.346439 0.345947 0.519250
81.409091 0.346921 0.346497 0.519278
83.431818 0.347258 0.346879 0.519296
85.454545 0.346529 0.346252 0.519387
87.477273 0.346976 0.346794 0.519248
89.500000 0.347469 0.347446 0.519340
